2021 1  3
2021 1  3
2021 1  3
2021 1  3
2021 1  3
2021 1  3
2021 1  3
2021 1  3
2021 1  3
2021 1  3
2021 1  3
2021 1  3
2021 1  3
2021 1  3
2021 1  3
2021 1  3
2021 1  3
2021 1  3
2021 1  3
2021 1  3
2021 1  3
2021 1  3
2021 1  3
2021 1  3
2021 1  3
2021 1  3
2021 1  3
2021 1  3
2021 1  3
2021 1  3
2021 1  3
2021 1  3
2021 1  3
2021 1  3
2021 1  3
2021 1  3
2021 1  3
2021 1  3
2021 1  3
2021 1  3
2021 1  3
2021 1  3
2021 1  3
2021 1  3
2021 1  3
2021 1  3
2021 1  3
2021 1  3
2021 1  3
2021 1  3
2021 1  3
2021 1  3
2021 1  3
2021 1  3
2021 1  3
2021 1  3
2021 1  3
2021 1  3
2021 1  3
2021 1  3
2021 1  3
2021 1  3
2021 1  3
2021 1  3
2021 1  3
2021 1  3
2021 1  3
2021 1  3
2021 1  3
2021 1  3
2021 1  3
2021 1  3
2021 1  3
2021 1  3
2021 1  3
2021 1  3
2021 1  3
2021 1  3
2021 1  3
2021 1  3
2021 1  3
2021 1  3
2021 1  3
2021 1  3
2021 1  3
2021 1  3
2021 1  3
2021 1  3
2021 1  4
2021 1  4
